$ 1 0.000015625 0.9487735836358526 78 5 43 5e-11
a 272 336 368 336 8 9 0 1000000 4.458556380289018 4.458562964433062 100000
c 288 256 352 256 4 4.7e-10 -0.6998580241250751 0.001 0
d 384 192 336 192 2 1N4148
d 304 192 256 192 2 1N4148
d 288 144 352 144 2 1N4148
r 240 128 240 80 0 6800
174 288 64 352 64 1 1000000 0.9950000000000001 Resistance
w 272 320 240 320 0
w 240 320 240 256 0
w 240 256 288 256 0
w 240 256 240 192 0
w 240 192 256 192 0
w 240 192 240 144 0
w 240 144 288 144 0
w 304 192 336 192 0
w 368 336 400 336 0
w 400 336 400 256 0
w 352 256 400 256 0
w 400 256 400 192 0
w 400 192 384 192 0
w 400 192 400 144 0
w 400 144 352 144 0
w 240 144 224 144 0
w 240 144 240 128 0
w 240 80 240 64 0
w 240 64 288 64 0
w 352 64 400 64 0
w 400 64 400 144 0
w 320 48 320 16 0
w 320 16 352 16 0
w 352 16 352 64 0
r 224 144 176 144 0 4700
w 176 144 160 144 0
w 160 144 160 128 0
c 160 128 160 80 4 4.7000000000000004e-8 -0.07065691896807014 0.001 0
w 160 80 160 64 0
R 160 64 160 48 0 0 40 4.5 0 0 0.5
v 0 432 0 352 16 1 440 0.1 0 0 0.5
r 160 320 160 272 0 1000000
c 80 352 128 352 4 2.2000000000000002e-8 -4.501495889070357 0.001 0
w 0 352 80 352 0
w 160 320 160 352 0
w 128 352 160 352 0
w 160 352 272 352 0
w 160 272 160 256 0
R 160 256 160 240 0 0 40 4.5 0 0 0.5
g 0 432 0 448 0 0
w 400 336 464 336 0
211 464 336 528 336 0 1 8000 1
o 48 1 0 12290 5.340025102266736 0.0001 0 1
