$ 1 0.000015625 1.2182493960703473 76 5 43 5e-11
a 272 336 368 336 8 9 0 1000000 4.435611752010932 4.435607284967078 100000
c 288 256 352 256 4 4.7e-10 0.3823161375101858 0.001 0
d 384 192 336 192 2 1N4148
d 304 192 256 192 2 1N4148
d 288 144 352 144 2 1N4148
r 240 128 240 80 0 6800
174 288 64 352 64 1 1000000 0.46040000000000003 Resistance
w 272 320 240 320 0
w 240 320 240 256 0
w 240 256 288 256 0
w 240 256 240 192 0
w 240 192 256 192 0
w 240 192 240 144 0
w 240 144 288 144 0
w 304 192 336 192 0
w 368 336 400 336 0
w 400 336 400 256 0
w 352 256 400 256 0
w 400 256 400 192 0
w 400 192 384 192 0
w 400 192 400 144 0
w 400 144 352 144 0
w 240 144 224 144 0
w 240 144 240 128 0
w 240 80 240 64 0
w 240 64 288 64 0
w 352 64 400 64 0
w 400 64 400 144 0
w 320 48 320 16 0
w 320 16 352 16 0
w 352 16 352 64 0
r 224 144 176 144 0 4700
w 176 144 160 144 0
w 160 144 160 128 0
c 160 128 160 80 4 4.7000000000000004e-8 -0.012867627062928655 0.001 0
w 160 80 160 64 0
R 160 64 160 48 0 0 40 4.5 0 0 0.5
v 0 432 0 352 16 1 440 0.1 0 0 0.5
r 160 320 160 272 0 1000000
c 80 352 128 352 4 2.2000000000000002e-8 -4.498742558750122 0.001 0
w 0 352 80 352 0
w 160 320 160 352 0
w 128 352 160 352 0
w 160 352 272 352 0
w 160 272 160 256 0
R 160 256 160 240 0 0 40 4.5 0 0 0.5
g 0 432 0 448 0 0
r 432 336 480 336 0 10000
c 512 368 512 416 4 1.8000000000000002e-8 4.155818017620265 0.001 0
174 528 80 592 80 5 20000 0.46040000000000003 Resistance
a 640 320 752 320 8 9 0 1000000 4.1558214991983 4.155818017620265 100000
w 400 336 432 336 0
w 480 336 512 336 0
w 512 336 512 368 0
c 560 112 560 160 4 1e-9 4.159883308813848 0.001 0
r 560 176 560 224 0 2200
w 560 96 560 112 0
w 560 160 560 176 0
w 560 224 560 240 0
g 560 240 560 256 0 0
w 512 336 512 80 0
w 512 80 528 80 0
w 592 80 608 80 0
r 656 240 720 240 0 10000
c 656 176 720 176 4 1e-8 0.0039793027522652125 0.001 0
w 512 336 640 336 0
w 608 304 640 304 0
w 752 320 752 240 0
w 752 240 752 176 0
w 608 80 608 176 0
w 608 176 608 240 0
w 608 240 656 240 0
w 608 176 656 176 0
w 720 176 752 176 0
w 720 240 752 240 0
w 608 240 608 304 0
w 752 320 800 320 0
w 512 416 512 432 0
g 512 432 512 448 0 0
209 800 320 864 320 4 0.000001 4.651994033103236 0.001 0 1
r 896 352 896 416 0 100000
w 864 320 896 320 0
w 896 320 896 352 0
w 896 416 896 432 0
w 896 320 928 320 0
211 928 320 976 320 0 1 8000 1
g 896 432 896 448 0 0
o 85 1 0 12290 0.6458297895986853 0.0001 0 1
